sp|P00420|COX3_YEAST	ODQ73486.1	27.869	61	39	2	175	235	1361	1416	1.3	28.5
sp|P00422|COX3_NEUCR	ODQ73138.1	27.778	108	60	5	84	178	96	198	3.2	26.9
sp|P14575|COX3_SCHPO	ODQ72281.1	24.194	62	43	1	9	70	250	307	1.9	28.1
sp|Q9B1P9|COX3_CANAL	ODQ69983.1	28.571	126	78	4	96	221	309	422	1.2	28.9
sp|Q0H8X4|COX3_USTMA	ODQ72110.1	28.889	45	26	1	162	206	70	108	0.42	29.3
sp|Q75G34|COX3_ASHGO	ODQ75206.1	30.435	46	30	1	134	179	359	402	2.8	27.3
sp|Q9B6D8|COX3_YARLI	ODQ72574.1	21.488	121	86	3	16	131	347	463	8.9	25.8
sp|P00421|COX3_EMEND	ODQ72035.1	43.902	41	18	2	13	49	664	703	0.026	33.9
sp|Q85Q96|COX3_CANGA	ODQ71510.1	32.653	49	27	1	207	255	47	89	2.8	27.3
sp|A9RAG9|COX3_DEBHA	ODQ72574.1	22.642	106	77	3	5	110	338	438	3.1	27.3
sp|A6H4Q3|COX3_VANPO	ODQ75125.1	22.059	136	97	2	21	156	130	256	8.0	26.2
sp|Q34214|COX3_CANPA	ODQ72574.1	23.333	90	67	2	21	110	351	438	0.31	30.8
sp|Q9XLW9|COX3_KLULA	ODQ75088.1	31.579	76	43	3	113	180	315	389	0.20	31.2
sp|Q02654|COX3_PODAN	ODQ72035.1	58.824	17	7	0	13	29	664	680	1.5	28.5
sp|P80439|COX3_ALLMA	ODQ75037.1	54.545	22	10	0	120	141	805	826	2.4	27.7
sp|P48874|COX3_WICCA	ODQ70081.1	35.484	31	20	0	187	217	268	298	4.6	26.9
sp|Q9XLX0|COX3_LACK1	ODQ70587.1	31.250	80	53	2	23	100	282	361	0.18	31.2
sp|P14058|COX3_SCHCO	ODQ75984.1	26.389	72	47	2	50	115	1093	1164	7.7	26.2
sp|Q36837|COX3_TRIRU	ODQ70985.1	35.000	40	26	0	58	97	54	93	1.2	27.7
sp|Q95840|COX3_MAGGR	ODQ74403.1	25.862	58	38	2	16	72	169	222	3.4	26.9
sp|P80441|COX3_RHIST	ODQ71556.1	25.410	122	81	5	131	250	32	145	0.095	31.2
