sp|P03945|COX1_NEUCR	ODQ71526.1	32.609	46	31	0	443	488	89	134	2.3	28.9
sp|P00401|COX1_YEAST	ODQ71660.1	41.176	34	20	0	226	259	80	113	0.61	30.8
sp|Q0H8Y4|COX1_USTMA	ODQ71660.1	38.235	34	21	0	225	258	80	113	1.6	29.6
sp|P07657|COX1_SCHPO	ODQ70207.1	25.287	87	52	2	369	452	102	178	1.9	29.3
sp|P0C8K9|COX1_CANAL	ODQ71660.1	23.485	132	64	4	228	326	80	207	0.88	30.4
sp|P62514|COX1_ASHGO	ODQ74968.1	30.909	55	37	1	150	203	349	403	0.56	30.8
sp|P98001|COX1_SACPA	ODQ71660.1	41.176	34	20	0	226	259	80	113	0.48	31.2
sp|P20681|COX1_PODAN	ODQ69056.1	33.333	39	25	1	381	419	226	263	1.4	29.3
sp|Q9B6E7|COX1_YARLI	ODQ70207.1	34.091	44	27	1	353	394	86	129	2.9	28.9
sp|P80440|COX1_ALLMA	ODQ71660.1	38.235	34	21	0	231	264	80	113	1.0	30.0
sp|P00402|COX1_EMEND	ODQ71660.1	38.235	34	21	0	265	298	80	113	0.76	30.8
sp|P20386|COX1_KLULA	ODQ71660.1	38.235	34	21	0	226	259	80	113	0.94	30.4
sp|A6H4Q6|COX1_VANPO	ODQ74755.1	22.222	81	47	1	447	511	177	257	1.0	30.0
sp|A9RAH5|COX1_DEBHA	ODQ74756.1	29.268	82	40	4	7	84	289	356	4.7	28.1
sp|P48868|COX1_WICCA	ODQ71660.1	38.235	34	21	0	227	260	80	113	0.60	30.8
sp|Q01555|COX1_TRIRU	ODQ72832.1	33.824	68	39	3	101	167	298	360	0.054	34.3
sp|Q85QA3|COX1_CANGA	ODQ75421.1	30.233	129	58	7	24	149	151	250	0.082	33.5
