sp|P00410|COX2_YEAST	ODQ72813.1	27.273	44	32	0	77	120	188	231	4.3	26.9
sp|P00411|COX2_NEUCR	ODQ71096.1	35.000	40	25	1	77	116	142	180	2.6	27.3
sp|P21534|COX2_SCHPO	ODQ74137.1	25.000	40	29	1	118	156	361	400	9.5	25.8
sp|P20387|COX2_KLULA	ODQ69347.1	37.143	35	20	1	41	75	277	309	0.24	30.4
sp|Q7YFV7|COX2_ASHGO	ODQ71591.1	20.438	137	83	5	8	119	330	465	0.48	29.6
sp|A9RAG1|COX2_DEBHA	ODQ76135.1	40.625	32	17	1	189	220	374	403	6.2	26.2
sp|Q0H8Y7|COX2_USTMA	ODQ75677.1	25.974	77	55	1	19	93	238	314	1.7	28.1
sp|P43374|COX2_DEKBR	ODQ76222.1	32.558	43	26	1	87	129	26	65	1.0	28.9
sp|P43376|COX2_LACTC	ODQ69347.1	37.143	35	20	1	45	79	277	309	0.079	32.0
sp|P48871|COX2_WICCA	ODQ72813.1	29.310	58	38	1	59	116	177	231	2.6	27.3
sp|Q9XLW8|COX2_LACK1	ODQ69347.1	37.143	35	20	1	45	79	277	309	0.081	32.0
sp|P43377|COX2_SACEX	ODQ69347.1	37.143	35	20	1	43	77	277	309	0.058	32.3
sp|Q9B6D5|COX2_YARLI	ODQ72072.1	22.222	63	46	1	76	138	191	250	5.6	26.2
sp|P06029|COX2_CYBSA	ODQ72813.1	30.435	46	32	0	71	116	186	231	1.3	28.5
sp|P47918|COX2_CYBMR	ODQ72813.1	30.435	46	32	0	71	116	186	231	1.3	28.5
sp|P13588|COX2_EMEND	ODQ73539.1	25.000	108	69	6	101	199	316	420	0.18	31.2
sp|P43373|COX2_CANGA	ODQ75507.1	30.588	85	53	3	148	228	126	208	3.5	26.9
sp|P20682|COX2_PODAN	ODQ71096.1	35.000	40	25	1	77	116	142	180	2.3	27.3
sp|A6H4Q5|COX2_VANPO	ODQ75507.1	29.268	82	52	3	146	223	126	205	5.6	26.2
sp|P43370|COX2_BRECS	ODQ73921.1	30.303	33	23	0	214	246	268	300	0.72	29.3
sp|Q3T4C0|COX2_ZANCU	ODQ73780.1	22.222	90	67	1	163	252	65	151	0.60	29.6
sp|P43372|COX2_BRENA	ODQ75325.1	28.205	78	47	3	48	123	483	553	0.89	28.9
sp|P43369|COX2_BREAN	ODQ72813.1	25.424	59	44	0	54	112	173	231	3.3	26.9
sp|Q01556|COX2_TRIRU	ODQ73056.1	51.724	29	11	1	177	205	21	46	9.1	25.4
sp|P43375|COX2_EENNA	ODQ74217.1	29.730	37	25	1	47	83	176	211	0.35	29.6
sp|Q9B8D8|COX2_CANAL	ODQ72932.1	32.609	92	39	5	101	190	47	117	0.57	29.3
sp|P29163|COX2_PNECA	ODQ69888.1	35.135	37	24	0	169	205	254	290	1.0	28.5
