sp|Q07657|SHS1_YEAST	ODQ70777.1	40.964	332	146	7	12	339	6	291	1.94e-76	244
sp|Q9UW20|PIK1_CANAL	ODQ73769.1	47.368	646	270	14	387	977	330	960	3.38e-179	544
sp|Q9UW24|PIK1A_CANAL	ODQ73769.1	46.719	640	278	12	371	956	330	960	1.32e-172	526
sp|Q10366|PIK1_SCHPO	ODQ73769.1	46.166	652	295	18	241	851	323	959	2.95e-177	535
sp|Q06389|NCS1_YEAST	ODQ75843.1	63.158	190	70	0	1	190	1	190	1.98e-92	266
sp|P50520|VPS34_SCHPO	ODQ70199.1	48.670	752	346	13	74	801	87	822	0.0	676
sp|P39104|PIK1_YEAST	ODQ73769.1	46.377	690	303	14	407	1066	308	960	0.0	572
sp|O14356|TOR1_SCHPO	ODQ70535.1	49.939	2443	1093	23	4	2335	10	2433	0.0	2398
sp|P32600|TOR2_YEAST	ODQ70535.1	54.905	2477	984	19	84	2474	4	2433	0.0	2739
sp|P35169|TOR1_YEAST	ODQ70535.1	54.688	2485	983	21	73	2470	5	2433	0.0	2724
sp|Q8SR56|VPS34_ENCCU	ODQ70199.1	24.455	413	273	14	61	445	420	821	5.88e-26	109
sp|Q92213|VPS34_CANAX	ODQ70199.1	39.010	1010	414	29	19	1020	7	822	0.0	586
sp|P35735|SFK1_YEAST	ODQ69280.1	24.912	285	147	5	13	294	23	243	2.39e-21	90.5
sp|Q9USR3|STT4_SCHPO	ODQ73667.1	38.697	1566	877	24	351	1876	402	1924	0.0	968
sp|Q8SQY7|STT4_ENCCU	ODQ73667.1	39.101	445	247	6	990	1410	1479	1923	7.58e-93	330
sp|P32368|SAC1_YEAST	ODQ76137.1	48.036	560	286	3	55	613	17	572	0.0	564
sp|P37297|STT4_YEAST	ODQ73667.1	37.913	1965	1082	36	8	1899	25	1924	0.0	1162
sp|P38221|CDS1_YEAST	ODQ69519.1	47.640	445	224	5	7	445	1	442	4.50e-149	430
sp|Q9P381|CDSH_SCHPO	ODQ69519.1	52.326	430	197	3	1	423	1	429	1.21e-168	479
sp|Q06705|CSR1_YEAST	ODQ75621.1	40.557	323	180	5	82	401	132	445	6.26e-82	256
sp|O13853|ITS3_SCHPO	ODQ74924.1	62.181	431	159	2	234	663	452	879	0.0	579
sp|Q09196|MLR4_SCHPO	ODQ74559.1	68.085	141	44	1	2	141	5	145	2.06e-68	201
sp|Q9UT42|LSB6_SCHPO	ODQ69805.1	28.182	110	68	3	399	502	23	127	0.17	33.1
sp|P42951|LSB6_YEAST	ODQ73582.1	33.333	36	24	0	71	106	71	106	3.7	28.5
sp|Q06385|VPS74_YEAST	ODQ72967.1	47.592	353	176	2	2	345	3	355	8.80e-121	350
sp|P22543|VPS34_YEAST	ODQ70199.1	43.192	896	414	11	1	875	1	822	0.0	670
sp|Q09711|NCS1_SCHPO	ODQ75843.1	75.789	190	46	0	1	190	1	190	3.21e-109	308
sp|Q9Y7K2|TOR2_SCHPO	ODQ70535.1	57.689	2432	923	19	4	2337	10	2433	0.0	2847
